a = [1 2 3 0;4 5 6 0;7 8 9 0;1 2 3 0;4 5 6 0;7 8 9 0]
b = [1 2]
a-b
